10

1 1 -1.650000 1.406000 1.063951 -0.000000 -0.000000 -0.000000 1.000000 3.000000 3.000000 3.000000
1 1 -1.650000 5.080000 1.063951 -0.000000 -0.000000 -0.000000 1.000000 3.000000 3.000000 3.000000
1 1 4.030000 5.080000 1.063951 -0.000000 -0.000000 -0.000000 1.000000 3.000000 3.000000 3.000000
1 1 4.030000 5.080000 -17.430000 -0.000000 -0.000000 -0.000000 1.000000 3.000000 3.000000 3.000000
1 1 -0.400000 8.430000 -11.300000 -0.000000 -0.000000 -0.000000 1.000000 3.000000 3.000000 3.000000
1 1 -0.400000 2.160000 -19.799999 -0.000000 -0.000000 -0.000000 1.000000 3.000000 3.000000 3.000000
1 1 -7.090000 2.160000 -13.140000 -0.000000 -0.000000 -0.000000 1.000000 3.000000 3.000000 3.000000
2 1 85.000000 55.700001 174.199997 -0.000000 -0.000000 -0.000000 1.000000 1.000000 1.000000 1.000000
3 2 4.310714 1.680881 -11.540195 0.036230 -0.364619 0.014199 0.930343 1.000000 1.000000 1.000000
4 3 -8.156015 0.572055 -23.041328 -0.013720 -0.234442 -0.003309 0.972028 1.000000 1.000000 1.000000
